47.204071 5.199809 61.757744
47.134037 5.800374 61.757744
47.439102 6.452878 62.260201
47.257729 4.687008 61.757744
47.194138 5.289105 61.757744
47.122871 5.890341 61.757744
46.007179 5.067963 61.757744
45.938919 5.653302 61.757744
46.464222 4.012423 62.226978
46.120323 6.27349 62.104088
46.059494 4.568166 61.757744
45.997505 5.154995 61.757744
45.928036 5.740987 61.757744
44.832272 4.938541 61.757744
44.765766 5.508931 61.757744
45.334145 3.914835 62.304634
44.832176 6.098273 61.951591
44.884865 4.451668 61.759972
44.822838 5.023351 61.757744
44.755173 5.594378 61.757744
43.678394 4.811437 61.757744
43.613609 5.367146 61.757744
44.221558 3.818759 62.381088
43.573231 5.927025 61.802559
43.792706 4.343348 61.849022
43.925556 6.546342 62.415565
43.669228 4.894063 61.757744
43.603275 5.450392 61.757744
42.544682 4.686548 61.757744
42.481556 5.227834 61.757744
43.125744 3.724127 62.456398
42.411465 5.768995 61.757744
42.71653 4.236612 61.936771
42.672543 6.359607 62.250946
42.535717 4.76703 61.757744
42.471489 5.308921 61.757744
41.43021 4.563784 61.757744
41.368736 5.09089 61.757744
42.558067 3.675107 63.29224
41.300472 5.617876 61.757744
41.655659 4.131395 62.023281
41.447266 6.176999 62.089954
41.421497 4.642157 61.757744
41.358971 5.169852 61.757744
40.334213 4.443053 61.757744
40.493515 6.484305 62.414024
40.274376 4.956215 61.757744
40.207916 5.469259 61.757744
40.609482 4.027636 62.108593
40.248463 5.998337 61.932449
40.325722 4.519352 61.757744
40.264847 5.033088 61.757744
39.274128 4.326278 61.786461
39.303894 6.293808 62.244522
39.197632 4.823709 61.757744
39.132954 5.323039 61.757744
39.577316 3.925268 62.192749
39.074879 5.823435 61.778255
39.247627 4.398528 61.757744
39.34404 6.377294 62.327286
39.188354 4.898529 61.757744
38.269691 4.215634 61.879391
38.139225 6.107308 62.078568
38.137802 4.693286 61.757744
38.074867 5.179114 61.757744
38.558666 3.824237 62.275822
38.005741 5.664099 61.757744
38.219276 4.28328 61.810863
38.176689 6.188076 62.158669
38.128777 4.766081 61.757744
37.277653 4.106355 61.971172
36.998409 5.924628 61.916023
37.094154 4.564855 61.757744
37.230438 6.449629 62.436859
37.032948 5.037386 61.757744
37.552876 3.724484 62.357826
36.96571 5.509101 61.757744
37.229614 4.172368 61.904316
37.03331 6.002749 61.993515
37.085369 4.635657 61.757744
36.297447 3.99838 62.061852
35.880943 5.745687 61.757744
36.066002 4.438329 61.757744
36.096195 6.25314 62.260387
36.006493 4.897764 61.757744
36.559456 3.625956 62.438839
35.941132 5.356403 61.757744
36.251698 4.062772 61.99667
35.912853 5.821133 61.831673
36.057468 4.507169 61.757744
36.128258 6.329756 62.336426
35.328636 3.891659 62.151485
34.872887 5.584263 61.757744
35.052738 4.313634 61.757744
34.984634 6.060578 62.08744
34.994896 4.760161 61.757744
35.865726 3.557152 63.024693
34.931374 5.205916 61.757744
35.285088 3.954442 62.08794
34.862164 5.650823 61.757744
35.044437 4.380541 61.757744
35.014397 6.134604 62.160931
34.370655 3.786132 62.240116
33.878971 5.425105 61.757744
34.091354 4.195325 61.826057
33.894699 5.871762 61.917862
33.997494 4.624491 61.757744
34.07756 6.351949 62.394753
35.86573 3.557153 64.873703
33.935783 5.057541 61.757744
34.329258 3.84732 62.178204
33.868553 5.489768 61.757744
34.049347 4.256154 61.764503
33.922283 5.943262 61.988869
33.423103 3.681752 62.327778
32.898613 5.268119 61.757744
33.157578 4.080414 61.924496
32.828789 5.687106 61.757744
33.013737 4.490675 61.757744
32.994526 6.150076 62.211998
32.953773 4.911191 61.757744
33.383755 3.741357 62.267487
32.888508 5.330912 61.757744
33.117626 4.13969 61.864532
32.850983 5.755569 61.820076
32.485458 3.578466 62.414528
31.931261 5.113214 61.757744
32.233234 3.966663 62.021938
31.86347 5.519882 61.757744
32.042988 4.35863 61.757744
31.932051 5.952035 62.032711
31.9848 4.766783 61.757744
32.084633 6.404771 62.482689
32.448105 3.636498 62.355843
31.921431 5.17416 61.757744
32.195263 4.024395 61.963551
31.852871 5.580698 61.757744
31.611227 3.482165 62.607124
30.97636 4.960302 61.757744
31.317949 3.854027 62.118427
30.910585 5.354809 61.757744
31.08473 4.228284 61.757744
30.889252 5.757661 61.856743
31.028286 4.624231 61.757744
31.029507 6.194143 62.290684
31.521896 3.532695 62.443306
30.96682 5.019425 61.757744
31.28191 3.910226 62.061611
30.900305 5.413806 61.757744
31.611233 3.482166 64.572868
30.062828 4.814018 61.818321
30.100422 6.34872 62.461617
30.411291 3.742453 62.214012
30.017637 5.200117 61.856697
30.181997 4.10549 61.846989
29.969107 5.586149 61.898418
30.098619 4.485679 61.788315
29.993895 5.98741 62.102238
30.970186 3.470867 63.276684
30.056271 4.871834 61.823849
30.377092 3.797123 62.158745
30.010582 5.257924 61.862736
29.429554 4.712612 62.453281
29.492327 6.220463 63.15881
29.551308 3.636621 62.389889
29.384932 5.090511 62.49123
29.503428 4.013186 62.391743
29.337006 5.468328 62.532501
29.464903 4.391233 62.423588
29.285772 5.846056 62.577068
29.423082 4.769201 62.458748
29.563814 6.294514 63.337524
29.533596 3.691686 62.367237
29.377966 5.147089 62.497208
29.303669 4.692454 64.217659
29.322775 3.608498 63.929821
29.296925 5.075265 64.339432
29.316092 3.987705 64.020874
29.29015 5.459594 64.472206
29.309387 4.368056 64.122627
29.283344 5.845572 64.615997
29.302662 4.749682 64.235191
29.321777 3.66521 63.942749
29.295912 5.13271 64.358582
